{
 "cells": [
  {
   "cell_type": "code",
   "execution_count": 1,
   "id": "72b20a68-0a23-429b-abd8-3035b25b6e40",
   "metadata": {},
   "outputs": [
    {
     "name": "stderr",
     "output_type": "stream",
     "text": [
      "/home/sunbeam/.local/lib/python3.10/site-packages/matplotlib/projections/__init__.py:63: UserWarning: Unable to import Axes3D. This may be due to multiple versions of Matplotlib being installed (e.g. as a system package and as a pip package). As a result, the 3D projection is not available.\n",
      "  warnings.warn(\"Unable to import Axes3D. This may be due to multiple versions of \"\n"
     ]
    }
   ],
   "source": [
    "import numpy as pn\n",
    "import pandas as pd\n",
    "import matplotlib.pyplot as plt\n",
    "import seaborn as sb"
   ]
  },
  {
   "cell_type": "code",
   "execution_count": 2,
   "id": "476403f4-fc53-45d7-a41c-6380ee6aa75d",
   "metadata": {},
   "outputs": [],
   "source": [
    "df = pd.read_csv('Zoo.csv')"
   ]
  },
  {
   "cell_type": "markdown",
   "id": "db71fdf6-83d4-4d86-ae3b-3ceeb4b7d206",
   "metadata": {},
   "source": [
    "### EDA"
   ]
  },
  {
   "cell_type": "code",
   "execution_count": 3,
   "id": "9e69a07c-448e-4956-89ef-dc6a27fcf239",
   "metadata": {},
   "outputs": [
    {
     "data": {
      "text/html": [
       "<div>\n",
       "<style scoped>\n",
       "    .dataframe tbody tr th:only-of-type {\n",
       "        vertical-align: middle;\n",
       "    }\n",
       "\n",
       "    .dataframe tbody tr th {\n",
       "        vertical-align: top;\n",
       "    }\n",
       "\n",
       "    .dataframe thead th {\n",
       "        text-align: right;\n",
       "    }\n",
       "</style>\n",
       "<table border=\"1\" class=\"dataframe\">\n",
       "  <thead>\n",
       "    <tr style=\"text-align: right;\">\n",
       "      <th></th>\n",
       "      <th>hair</th>\n",
       "      <th>feathers</th>\n",
       "      <th>eggs</th>\n",
       "      <th>milk</th>\n",
       "      <th>airborne</th>\n",
       "      <th>aquatic</th>\n",
       "      <th>predator</th>\n",
       "      <th>toothed</th>\n",
       "      <th>backbone</th>\n",
       "      <th>breathes</th>\n",
       "      <th>venomous</th>\n",
       "      <th>fins</th>\n",
       "      <th>legs</th>\n",
       "      <th>tail</th>\n",
       "      <th>domestic</th>\n",
       "      <th>catsize</th>\n",
       "      <th>type</th>\n",
       "    </tr>\n",
       "  </thead>\n",
       "  <tbody>\n",
       "    <tr>\n",
       "      <th>0</th>\n",
       "      <td>1</td>\n",
       "      <td>0</td>\n",
       "      <td>0</td>\n",
       "      <td>1</td>\n",
       "      <td>0</td>\n",
       "      <td>0</td>\n",
       "      <td>1</td>\n",
       "      <td>1</td>\n",
       "      <td>1</td>\n",
       "      <td>1</td>\n",
       "      <td>0</td>\n",
       "      <td>0</td>\n",
       "      <td>4</td>\n",
       "      <td>0</td>\n",
       "      <td>0</td>\n",
       "      <td>1</td>\n",
       "      <td>1</td>\n",
       "    </tr>\n",
       "    <tr>\n",
       "      <th>1</th>\n",
       "      <td>1</td>\n",
       "      <td>0</td>\n",
       "      <td>0</td>\n",
       "      <td>1</td>\n",
       "      <td>0</td>\n",
       "      <td>0</td>\n",
       "      <td>0</td>\n",
       "      <td>1</td>\n",
       "      <td>1</td>\n",
       "      <td>1</td>\n",
       "      <td>0</td>\n",
       "      <td>0</td>\n",
       "      <td>4</td>\n",
       "      <td>1</td>\n",
       "      <td>0</td>\n",
       "      <td>1</td>\n",
       "      <td>1</td>\n",
       "    </tr>\n",
       "    <tr>\n",
       "      <th>2</th>\n",
       "      <td>0</td>\n",
       "      <td>0</td>\n",
       "      <td>1</td>\n",
       "      <td>0</td>\n",
       "      <td>0</td>\n",
       "      <td>1</td>\n",
       "      <td>1</td>\n",
       "      <td>1</td>\n",
       "      <td>1</td>\n",
       "      <td>0</td>\n",
       "      <td>0</td>\n",
       "      <td>1</td>\n",
       "      <td>0</td>\n",
       "      <td>1</td>\n",
       "      <td>0</td>\n",
       "      <td>0</td>\n",
       "      <td>4</td>\n",
       "    </tr>\n",
       "    <tr>\n",
       "      <th>3</th>\n",
       "      <td>1</td>\n",
       "      <td>0</td>\n",
       "      <td>0</td>\n",
       "      <td>1</td>\n",
       "      <td>0</td>\n",
       "      <td>0</td>\n",
       "      <td>1</td>\n",
       "      <td>1</td>\n",
       "      <td>1</td>\n",
       "      <td>1</td>\n",
       "      <td>0</td>\n",
       "      <td>0</td>\n",
       "      <td>4</td>\n",
       "      <td>0</td>\n",
       "      <td>0</td>\n",
       "      <td>1</td>\n",
       "      <td>1</td>\n",
       "    </tr>\n",
       "    <tr>\n",
       "      <th>4</th>\n",
       "      <td>1</td>\n",
       "      <td>0</td>\n",
       "      <td>0</td>\n",
       "      <td>1</td>\n",
       "      <td>0</td>\n",
       "      <td>0</td>\n",
       "      <td>1</td>\n",
       "      <td>1</td>\n",
       "      <td>1</td>\n",
       "      <td>1</td>\n",
       "      <td>0</td>\n",
       "      <td>0</td>\n",
       "      <td>4</td>\n",
       "      <td>1</td>\n",
       "      <td>0</td>\n",
       "      <td>1</td>\n",
       "      <td>1</td>\n",
       "    </tr>\n",
       "  </tbody>\n",
       "</table>\n",
       "</div>"
      ],
      "text/plain": [
       "   hair  feathers  eggs  milk  airborne  aquatic  predator  toothed  backbone  \\\n",
       "0     1         0     0     1         0        0         1        1         1   \n",
       "1     1         0     0     1         0        0         0        1         1   \n",
       "2     0         0     1     0         0        1         1        1         1   \n",
       "3     1         0     0     1         0        0         1        1         1   \n",
       "4     1         0     0     1         0        0         1        1         1   \n",
       "\n",
       "   breathes  venomous  fins  legs  tail  domestic  catsize  type  \n",
       "0         1         0     0     4     0         0        1     1  \n",
       "1         1         0     0     4     1         0        1     1  \n",
       "2         0         0     1     0     1         0        0     4  \n",
       "3         1         0     0     4     0         0        1     1  \n",
       "4         1         0     0     4     1         0        1     1  "
      ]
     },
     "execution_count": 3,
     "metadata": {},
     "output_type": "execute_result"
    }
   ],
   "source": [
    "df.head()"
   ]
  },
  {
   "cell_type": "code",
   "execution_count": 4,
   "id": "4aefd2b0-9342-4c72-8a81-5dfb12983316",
   "metadata": {},
   "outputs": [
    {
     "data": {
      "text/html": [
       "<div>\n",
       "<style scoped>\n",
       "    .dataframe tbody tr th:only-of-type {\n",
       "        vertical-align: middle;\n",
       "    }\n",
       "\n",
       "    .dataframe tbody tr th {\n",
       "        vertical-align: top;\n",
       "    }\n",
       "\n",
       "    .dataframe thead th {\n",
       "        text-align: right;\n",
       "    }\n",
       "</style>\n",
       "<table border=\"1\" class=\"dataframe\">\n",
       "  <thead>\n",
       "    <tr style=\"text-align: right;\">\n",
       "      <th></th>\n",
       "      <th>hair</th>\n",
       "      <th>feathers</th>\n",
       "      <th>eggs</th>\n",
       "      <th>milk</th>\n",
       "      <th>airborne</th>\n",
       "      <th>aquatic</th>\n",
       "      <th>predator</th>\n",
       "      <th>toothed</th>\n",
       "      <th>backbone</th>\n",
       "      <th>breathes</th>\n",
       "      <th>venomous</th>\n",
       "      <th>fins</th>\n",
       "      <th>legs</th>\n",
       "      <th>tail</th>\n",
       "      <th>domestic</th>\n",
       "      <th>catsize</th>\n",
       "      <th>type</th>\n",
       "    </tr>\n",
       "  </thead>\n",
       "  <tbody>\n",
       "    <tr>\n",
       "      <th>hair</th>\n",
       "      <td>1.000000</td>\n",
       "      <td>-0.427851</td>\n",
       "      <td>-0.817382</td>\n",
       "      <td>0.878503</td>\n",
       "      <td>-0.198431</td>\n",
       "      <td>-0.473554</td>\n",
       "      <td>-0.154769</td>\n",
       "      <td>0.492531</td>\n",
       "      <td>0.191681</td>\n",
       "      <td>0.441149</td>\n",
       "      <td>-0.104245</td>\n",
       "      <td>-0.280313</td>\n",
       "      <td>0.394009</td>\n",
       "      <td>0.048973</td>\n",
       "      <td>0.207208</td>\n",
       "      <td>0.455020</td>\n",
       "      <td>-0.562384</td>\n",
       "    </tr>\n",
       "    <tr>\n",
       "      <th>feathers</th>\n",
       "      <td>-0.427851</td>\n",
       "      <td>1.000000</td>\n",
       "      <td>0.419248</td>\n",
       "      <td>-0.410761</td>\n",
       "      <td>0.656553</td>\n",
       "      <td>-0.058552</td>\n",
       "      <td>-0.104430</td>\n",
       "      <td>-0.613631</td>\n",
       "      <td>0.231403</td>\n",
       "      <td>0.254588</td>\n",
       "      <td>-0.145739</td>\n",
       "      <td>-0.223541</td>\n",
       "      <td>-0.206686</td>\n",
       "      <td>0.292569</td>\n",
       "      <td>0.031586</td>\n",
       "      <td>-0.135934</td>\n",
       "      <td>-0.197520</td>\n",
       "    </tr>\n",
       "    <tr>\n",
       "      <th>eggs</th>\n",
       "      <td>-0.817382</td>\n",
       "      <td>0.419248</td>\n",
       "      <td>1.000000</td>\n",
       "      <td>-0.938848</td>\n",
       "      <td>0.376646</td>\n",
       "      <td>0.376244</td>\n",
       "      <td>0.011605</td>\n",
       "      <td>-0.642150</td>\n",
       "      <td>-0.340420</td>\n",
       "      <td>-0.382777</td>\n",
       "      <td>0.098689</td>\n",
       "      <td>0.164796</td>\n",
       "      <td>-0.224918</td>\n",
       "      <td>-0.221090</td>\n",
       "      <td>-0.155610</td>\n",
       "      <td>-0.514650</td>\n",
       "      <td>0.661825</td>\n",
       "    </tr>\n",
       "    <tr>\n",
       "      <th>milk</th>\n",
       "      <td>0.878503</td>\n",
       "      <td>-0.410761</td>\n",
       "      <td>-0.938848</td>\n",
       "      <td>1.000000</td>\n",
       "      <td>-0.366765</td>\n",
       "      <td>-0.362613</td>\n",
       "      <td>-0.029721</td>\n",
       "      <td>0.628168</td>\n",
       "      <td>0.384958</td>\n",
       "      <td>0.423527</td>\n",
       "      <td>-0.242449</td>\n",
       "      <td>-0.156328</td>\n",
       "      <td>0.214196</td>\n",
       "      <td>0.210026</td>\n",
       "      <td>0.163928</td>\n",
       "      <td>0.574906</td>\n",
       "      <td>-0.723683</td>\n",
       "    </tr>\n",
       "    <tr>\n",
       "      <th>airborne</th>\n",
       "      <td>-0.198431</td>\n",
       "      <td>0.656553</td>\n",
       "      <td>0.376646</td>\n",
       "      <td>-0.366765</td>\n",
       "      <td>1.000000</td>\n",
       "      <td>-0.172638</td>\n",
       "      <td>-0.295181</td>\n",
       "      <td>-0.594311</td>\n",
       "      <td>-0.104718</td>\n",
       "      <td>0.286039</td>\n",
       "      <td>0.008528</td>\n",
       "      <td>-0.251157</td>\n",
       "      <td>0.043712</td>\n",
       "      <td>0.009482</td>\n",
       "      <td>0.063274</td>\n",
       "      <td>-0.349768</td>\n",
       "      <td>0.022677</td>\n",
       "    </tr>\n",
       "    <tr>\n",
       "      <th>aquatic</th>\n",
       "      <td>-0.473554</td>\n",
       "      <td>-0.058552</td>\n",
       "      <td>0.376244</td>\n",
       "      <td>-0.362613</td>\n",
       "      <td>-0.172638</td>\n",
       "      <td>1.000000</td>\n",
       "      <td>0.375978</td>\n",
       "      <td>0.053150</td>\n",
       "      <td>0.022463</td>\n",
       "      <td>-0.637506</td>\n",
       "      <td>0.087915</td>\n",
       "      <td>0.604492</td>\n",
       "      <td>-0.360638</td>\n",
       "      <td>-0.034642</td>\n",
       "      <td>-0.224308</td>\n",
       "      <td>-0.111866</td>\n",
       "      <td>0.326639</td>\n",
       "    </tr>\n",
       "    <tr>\n",
       "      <th>predator</th>\n",
       "      <td>-0.154769</td>\n",
       "      <td>-0.104430</td>\n",
       "      <td>0.011605</td>\n",
       "      <td>-0.029721</td>\n",
       "      <td>-0.295181</td>\n",
       "      <td>0.375978</td>\n",
       "      <td>1.000000</td>\n",
       "      <td>0.129452</td>\n",
       "      <td>0.051022</td>\n",
       "      <td>-0.262931</td>\n",
       "      <td>0.115391</td>\n",
       "      <td>0.190302</td>\n",
       "      <td>-0.099723</td>\n",
       "      <td>0.018947</td>\n",
       "      <td>-0.309794</td>\n",
       "      <td>0.144790</td>\n",
       "      <td>0.061179</td>\n",
       "    </tr>\n",
       "    <tr>\n",
       "      <th>toothed</th>\n",
       "      <td>0.492531</td>\n",
       "      <td>-0.613631</td>\n",
       "      <td>-0.642150</td>\n",
       "      <td>0.628168</td>\n",
       "      <td>-0.594311</td>\n",
       "      <td>0.053150</td>\n",
       "      <td>0.129452</td>\n",
       "      <td>1.000000</td>\n",
       "      <td>0.575085</td>\n",
       "      <td>-0.065690</td>\n",
       "      <td>-0.062344</td>\n",
       "      <td>0.364292</td>\n",
       "      <td>-0.193476</td>\n",
       "      <td>0.310368</td>\n",
       "      <td>0.069430</td>\n",
       "      <td>0.344010</td>\n",
       "      <td>-0.471527</td>\n",
       "    </tr>\n",
       "    <tr>\n",
       "      <th>backbone</th>\n",
       "      <td>0.191681</td>\n",
       "      <td>0.231403</td>\n",
       "      <td>-0.340420</td>\n",
       "      <td>0.384958</td>\n",
       "      <td>-0.104718</td>\n",
       "      <td>0.022463</td>\n",
       "      <td>0.051022</td>\n",
       "      <td>0.575085</td>\n",
       "      <td>1.000000</td>\n",
       "      <td>0.207666</td>\n",
       "      <td>-0.246611</td>\n",
       "      <td>0.209499</td>\n",
       "      <td>-0.432856</td>\n",
       "      <td>0.731762</td>\n",
       "      <td>0.101733</td>\n",
       "      <td>0.356976</td>\n",
       "      <td>-0.828845</td>\n",
       "    </tr>\n",
       "    <tr>\n",
       "      <th>breathes</th>\n",
       "      <td>0.441149</td>\n",
       "      <td>0.254588</td>\n",
       "      <td>-0.382777</td>\n",
       "      <td>0.423527</td>\n",
       "      <td>0.286039</td>\n",
       "      <td>-0.637506</td>\n",
       "      <td>-0.262931</td>\n",
       "      <td>-0.065690</td>\n",
       "      <td>0.207666</td>\n",
       "      <td>1.000000</td>\n",
       "      <td>-0.120752</td>\n",
       "      <td>-0.617219</td>\n",
       "      <td>0.369868</td>\n",
       "      <td>0.088952</td>\n",
       "      <td>0.124068</td>\n",
       "      <td>0.204125</td>\n",
       "      <td>-0.519308</td>\n",
       "    </tr>\n",
       "    <tr>\n",
       "      <th>venomous</th>\n",
       "      <td>-0.104245</td>\n",
       "      <td>-0.145739</td>\n",
       "      <td>0.098689</td>\n",
       "      <td>-0.242449</td>\n",
       "      <td>0.008528</td>\n",
       "      <td>0.087915</td>\n",
       "      <td>0.115391</td>\n",
       "      <td>-0.062344</td>\n",
       "      <td>-0.246611</td>\n",
       "      <td>-0.120752</td>\n",
       "      <td>1.000000</td>\n",
       "      <td>-0.033956</td>\n",
       "      <td>0.022964</td>\n",
       "      <td>-0.162724</td>\n",
       "      <td>-0.003252</td>\n",
       "      <td>-0.183748</td>\n",
       "      <td>0.321476</td>\n",
       "    </tr>\n",
       "    <tr>\n",
       "      <th>fins</th>\n",
       "      <td>-0.280313</td>\n",
       "      <td>-0.223541</td>\n",
       "      <td>0.164796</td>\n",
       "      <td>-0.156328</td>\n",
       "      <td>-0.251157</td>\n",
       "      <td>0.604492</td>\n",
       "      <td>0.190302</td>\n",
       "      <td>0.364292</td>\n",
       "      <td>0.209499</td>\n",
       "      <td>-0.617219</td>\n",
       "      <td>-0.033956</td>\n",
       "      <td>1.000000</td>\n",
       "      <td>-0.605652</td>\n",
       "      <td>0.204349</td>\n",
       "      <td>-0.093887</td>\n",
       "      <td>0.031705</td>\n",
       "      <td>0.099430</td>\n",
       "    </tr>\n",
       "    <tr>\n",
       "      <th>legs</th>\n",
       "      <td>0.394009</td>\n",
       "      <td>-0.206686</td>\n",
       "      <td>-0.224918</td>\n",
       "      <td>0.214196</td>\n",
       "      <td>0.043712</td>\n",
       "      <td>-0.360638</td>\n",
       "      <td>-0.099723</td>\n",
       "      <td>-0.193476</td>\n",
       "      <td>-0.432856</td>\n",
       "      <td>0.369868</td>\n",
       "      <td>0.022964</td>\n",
       "      <td>-0.605652</td>\n",
       "      <td>1.000000</td>\n",
       "      <td>-0.348295</td>\n",
       "      <td>0.073931</td>\n",
       "      <td>0.068791</td>\n",
       "      <td>0.131693</td>\n",
       "    </tr>\n",
       "    <tr>\n",
       "      <th>tail</th>\n",
       "      <td>0.048973</td>\n",
       "      <td>0.292569</td>\n",
       "      <td>-0.221090</td>\n",
       "      <td>0.210026</td>\n",
       "      <td>0.009482</td>\n",
       "      <td>-0.034642</td>\n",
       "      <td>0.018947</td>\n",
       "      <td>0.310368</td>\n",
       "      <td>0.731762</td>\n",
       "      <td>0.088952</td>\n",
       "      <td>-0.162724</td>\n",
       "      <td>0.204349</td>\n",
       "      <td>-0.348295</td>\n",
       "      <td>1.000000</td>\n",
       "      <td>0.023434</td>\n",
       "      <td>0.243277</td>\n",
       "      <td>-0.631830</td>\n",
       "    </tr>\n",
       "    <tr>\n",
       "      <th>domestic</th>\n",
       "      <td>0.207208</td>\n",
       "      <td>0.031586</td>\n",
       "      <td>-0.155610</td>\n",
       "      <td>0.163928</td>\n",
       "      <td>0.063274</td>\n",
       "      <td>-0.224308</td>\n",
       "      <td>-0.309794</td>\n",
       "      <td>0.069430</td>\n",
       "      <td>0.101733</td>\n",
       "      <td>0.124068</td>\n",
       "      <td>-0.003252</td>\n",
       "      <td>-0.093887</td>\n",
       "      <td>0.073931</td>\n",
       "      <td>0.023434</td>\n",
       "      <td>1.000000</td>\n",
       "      <td>0.020073</td>\n",
       "      <td>-0.181043</td>\n",
       "    </tr>\n",
       "    <tr>\n",
       "      <th>catsize</th>\n",
       "      <td>0.455020</td>\n",
       "      <td>-0.135934</td>\n",
       "      <td>-0.514650</td>\n",
       "      <td>0.574906</td>\n",
       "      <td>-0.349768</td>\n",
       "      <td>-0.111866</td>\n",
       "      <td>0.144790</td>\n",
       "      <td>0.344010</td>\n",
       "      <td>0.356976</td>\n",
       "      <td>0.204125</td>\n",
       "      <td>-0.183748</td>\n",
       "      <td>0.031705</td>\n",
       "      <td>0.068791</td>\n",
       "      <td>0.243277</td>\n",
       "      <td>0.020073</td>\n",
       "      <td>1.000000</td>\n",
       "      <td>-0.521030</td>\n",
       "    </tr>\n",
       "    <tr>\n",
       "      <th>type</th>\n",
       "      <td>-0.562384</td>\n",
       "      <td>-0.197520</td>\n",
       "      <td>0.661825</td>\n",
       "      <td>-0.723683</td>\n",
       "      <td>0.022677</td>\n",
       "      <td>0.326639</td>\n",
       "      <td>0.061179</td>\n",
       "      <td>-0.471527</td>\n",
       "      <td>-0.828845</td>\n",
       "      <td>-0.519308</td>\n",
       "      <td>0.321476</td>\n",
       "      <td>0.099430</td>\n",
       "      <td>0.131693</td>\n",
       "      <td>-0.631830</td>\n",
       "      <td>-0.181043</td>\n",
       "      <td>-0.521030</td>\n",
       "      <td>1.000000</td>\n",
       "    </tr>\n",
       "  </tbody>\n",
       "</table>\n",
       "</div>"
      ],
      "text/plain": [
       "              hair  feathers      eggs      milk  airborne   aquatic  \\\n",
       "hair      1.000000 -0.427851 -0.817382  0.878503 -0.198431 -0.473554   \n",
       "feathers -0.427851  1.000000  0.419248 -0.410761  0.656553 -0.058552   \n",
       "eggs     -0.817382  0.419248  1.000000 -0.938848  0.376646  0.376244   \n",
       "milk      0.878503 -0.410761 -0.938848  1.000000 -0.366765 -0.362613   \n",
       "airborne -0.198431  0.656553  0.376646 -0.366765  1.000000 -0.172638   \n",
       "aquatic  -0.473554 -0.058552  0.376244 -0.362613 -0.172638  1.000000   \n",
       "predator -0.154769 -0.104430  0.011605 -0.029721 -0.295181  0.375978   \n",
       "toothed   0.492531 -0.613631 -0.642150  0.628168 -0.594311  0.053150   \n",
       "backbone  0.191681  0.231403 -0.340420  0.384958 -0.104718  0.022463   \n",
       "breathes  0.441149  0.254588 -0.382777  0.423527  0.286039 -0.637506   \n",
       "venomous -0.104245 -0.145739  0.098689 -0.242449  0.008528  0.087915   \n",
       "fins     -0.280313 -0.223541  0.164796 -0.156328 -0.251157  0.604492   \n",
       "legs      0.394009 -0.206686 -0.224918  0.214196  0.043712 -0.360638   \n",
       "tail      0.048973  0.292569 -0.221090  0.210026  0.009482 -0.034642   \n",
       "domestic  0.207208  0.031586 -0.155610  0.163928  0.063274 -0.224308   \n",
       "catsize   0.455020 -0.135934 -0.514650  0.574906 -0.349768 -0.111866   \n",
       "type     -0.562384 -0.197520  0.661825 -0.723683  0.022677  0.326639   \n",
       "\n",
       "          predator   toothed  backbone  breathes  venomous      fins  \\\n",
       "hair     -0.154769  0.492531  0.191681  0.441149 -0.104245 -0.280313   \n",
       "feathers -0.104430 -0.613631  0.231403  0.254588 -0.145739 -0.223541   \n",
       "eggs      0.011605 -0.642150 -0.340420 -0.382777  0.098689  0.164796   \n",
       "milk     -0.029721  0.628168  0.384958  0.423527 -0.242449 -0.156328   \n",
       "airborne -0.295181 -0.594311 -0.104718  0.286039  0.008528 -0.251157   \n",
       "aquatic   0.375978  0.053150  0.022463 -0.637506  0.087915  0.604492   \n",
       "predator  1.000000  0.129452  0.051022 -0.262931  0.115391  0.190302   \n",
       "toothed   0.129452  1.000000  0.575085 -0.065690 -0.062344  0.364292   \n",
       "backbone  0.051022  0.575085  1.000000  0.207666 -0.246611  0.209499   \n",
       "breathes -0.262931 -0.065690  0.207666  1.000000 -0.120752 -0.617219   \n",
       "venomous  0.115391 -0.062344 -0.246611 -0.120752  1.000000 -0.033956   \n",
       "fins      0.190302  0.364292  0.209499 -0.617219 -0.033956  1.000000   \n",
       "legs     -0.099723 -0.193476 -0.432856  0.369868  0.022964 -0.605652   \n",
       "tail      0.018947  0.310368  0.731762  0.088952 -0.162724  0.204349   \n",
       "domestic -0.309794  0.069430  0.101733  0.124068 -0.003252 -0.093887   \n",
       "catsize   0.144790  0.344010  0.356976  0.204125 -0.183748  0.031705   \n",
       "type      0.061179 -0.471527 -0.828845 -0.519308  0.321476  0.099430   \n",
       "\n",
       "              legs      tail  domestic   catsize      type  \n",
       "hair      0.394009  0.048973  0.207208  0.455020 -0.562384  \n",
       "feathers -0.206686  0.292569  0.031586 -0.135934 -0.197520  \n",
       "eggs     -0.224918 -0.221090 -0.155610 -0.514650  0.661825  \n",
       "milk      0.214196  0.210026  0.163928  0.574906 -0.723683  \n",
       "airborne  0.043712  0.009482  0.063274 -0.349768  0.022677  \n",
       "aquatic  -0.360638 -0.034642 -0.224308 -0.111866  0.326639  \n",
       "predator -0.099723  0.018947 -0.309794  0.144790  0.061179  \n",
       "toothed  -0.193476  0.310368  0.069430  0.344010 -0.471527  \n",
       "backbone -0.432856  0.731762  0.101733  0.356976 -0.828845  \n",
       "breathes  0.369868  0.088952  0.124068  0.204125 -0.519308  \n",
       "venomous  0.022964 -0.162724 -0.003252 -0.183748  0.321476  \n",
       "fins     -0.605652  0.204349 -0.093887  0.031705  0.099430  \n",
       "legs      1.000000 -0.348295  0.073931  0.068791  0.131693  \n",
       "tail     -0.348295  1.000000  0.023434  0.243277 -0.631830  \n",
       "domestic  0.073931  0.023434  1.000000  0.020073 -0.181043  \n",
       "catsize   0.068791  0.243277  0.020073  1.000000 -0.521030  \n",
       "type      0.131693 -0.631830 -0.181043 -0.521030  1.000000  "
      ]
     },
     "execution_count": 4,
     "metadata": {},
     "output_type": "execute_result"
    }
   ],
   "source": [
    "df.corr()"
   ]
  },
  {
   "cell_type": "markdown",
   "id": "1ecc9915-76b3-43f0-ac97-28981b2de8b1",
   "metadata": {},
   "source": [
    "### split data into x and y "
   ]
  },
  {
   "cell_type": "code",
   "execution_count": 5,
   "id": "fc32d741-b3ab-4477-8e89-aec85edd5dfe",
   "metadata": {},
   "outputs": [],
   "source": [
    "x = df[['hair','feathers','eggs','milk','aquatic','toothed','backbone','breathes','venomous','legs','tail','domestic','catsize']]\n",
    "y = df['type']"
   ]
  },
  {
   "cell_type": "markdown",
   "id": "b55cc9d5-5657-4521-962a-aabb3f8d7692",
   "metadata": {},
   "source": [
    "### split data into train and test"
   ]
  },
  {
   "cell_type": "code",
   "execution_count": 6,
   "id": "865a7e79-e1f6-467c-8372-339e91b4b3fe",
   "metadata": {},
   "outputs": [],
   "source": [
    "from sklearn.model_selection import train_test_split\n",
    "x_train, x_test, y_train, y_test = train_test_split(x, y,train_size=0.7,random_state=123456)"
   ]
  },
  {
   "cell_type": "markdown",
   "id": "d10427e9-5d9c-4c45-a30c-bc124d3dee6a",
   "metadata": {},
   "source": [
    "### create model"
   ]
  },
  {
   "cell_type": "code",
   "execution_count": 7,
   "id": "f4bd1696-6309-48a2-9a18-9b37cf2803fa",
   "metadata": {},
   "outputs": [],
   "source": [
    "def create_dt():\n",
    "    from sklearn.tree import DecisionTreeClassifier\n",
    "\n",
    "    model = DecisionTreeClassifier(max_depth=3)\n",
    "    model.fit(x_train, y_train)\n",
    "    return model "
   ]
  },
  {
   "cell_type": "code",
   "execution_count": 8,
   "id": "63e344d0-46e4-4a9a-8987-8a0bbdf579c2",
   "metadata": {},
   "outputs": [],
   "source": [
    "def create_rm():\n",
    "    from sklearn.ensemble import RandomForestClassifier\n",
    "\n",
    "    model = RandomForestClassifier()\n",
    "    model.fit(x_train, y_train)\n",
    "    return model"
   ]
  },
  {
   "cell_type": "code",
   "execution_count": 9,
   "id": "72b55b8d-6981-4eb5-aeb9-602556a5f91f",
   "metadata": {},
   "outputs": [],
   "source": [
    "models = [(create_dt(),'Descision Tree'),(create_rm(),'Random Forest')]"
   ]
  },
  {
   "cell_type": "markdown",
   "id": "1411f277-a791-447d-8a06-1e9f91734335",
   "metadata": {},
   "source": [
    "### eveluate model"
   ]
  },
  {
   "cell_type": "code",
   "execution_count": 10,
   "id": "4acc2b4a-97f8-4f3c-b7cf-e3717c76210e",
   "metadata": {},
   "outputs": [],
   "source": [
    "from sklearn.metrics import  accuracy_score, precision_score, recall_score, f1_score\n",
    "def evaluate_model(model_1, model_name):\n",
    "    y_pred = model_1.predict(x_test)\n",
    "    y_true = y_test\n",
    "\n",
    "    accuracy = accuracy_score(y_true, y_pred)\n",
    "\n",
    "    precision = precision_score(y_true, y_pred, average='macro')\n",
    "\n",
    "    recall = recall_score(y_true, y_pred, average='macro')\n",
    "\n",
    "    f1 = f1_score(y_true, y_pred, average='macro')\n",
    " \n",
    "    return model_name, accuracy, precision, recall, f1"
   ]
  },
  {
   "cell_type": "code",
   "execution_count": 11,
   "id": "6a0b1aeb-a2eb-4b0c-bc4c-7bc71f00906b",
   "metadata": {},
   "outputs": [
    {
     "name": "stderr",
     "output_type": "stream",
     "text": [
      "/usr/local/lib/python3.10/dist-packages/sklearn/metrics/_classification.py:1509: UndefinedMetricWarning: Precision is ill-defined and being set to 0.0 in labels with no predicted samples. Use `zero_division` parameter to control this behavior.\n",
      "  _warn_prf(average, modifier, f\"{metric.capitalize()} is\", len(result))\n"
     ]
    },
    {
     "data": {
      "text/html": [
       "<div>\n",
       "<style scoped>\n",
       "    .dataframe tbody tr th:only-of-type {\n",
       "        vertical-align: middle;\n",
       "    }\n",
       "\n",
       "    .dataframe tbody tr th {\n",
       "        vertical-align: top;\n",
       "    }\n",
       "\n",
       "    .dataframe thead th {\n",
       "        text-align: right;\n",
       "    }\n",
       "</style>\n",
       "<table border=\"1\" class=\"dataframe\">\n",
       "  <thead>\n",
       "    <tr style=\"text-align: right;\">\n",
       "      <th></th>\n",
       "      <th>Algorithm</th>\n",
       "      <th>Accuracy</th>\n",
       "      <th>Precision</th>\n",
       "      <th>Recall</th>\n",
       "      <th>f1</th>\n",
       "    </tr>\n",
       "  </thead>\n",
       "  <tbody>\n",
       "    <tr>\n",
       "      <th>0</th>\n",
       "      <td>Descision Tree</td>\n",
       "      <td>0.838710</td>\n",
       "      <td>0.416667</td>\n",
       "      <td>0.571429</td>\n",
       "      <td>0.457143</td>\n",
       "    </tr>\n",
       "    <tr>\n",
       "      <th>1</th>\n",
       "      <td>Random Forest</td>\n",
       "      <td>0.935484</td>\n",
       "      <td>0.904762</td>\n",
       "      <td>0.904762</td>\n",
       "      <td>0.857143</td>\n",
       "    </tr>\n",
       "  </tbody>\n",
       "</table>\n",
       "</div>"
      ],
      "text/plain": [
       "        Algorithm  Accuracy  Precision    Recall        f1\n",
       "0  Descision Tree  0.838710   0.416667  0.571429  0.457143\n",
       "1   Random Forest  0.935484   0.904762  0.904762  0.857143"
      ]
     },
     "execution_count": 11,
     "metadata": {},
     "output_type": "execute_result"
    }
   ],
   "source": [
    "evaluate_rows = []\n",
    "for (model_1, model_name) in models:\n",
    "    evaluate_rows.append(evaluate_model(model_1, model_name))\n",
    "    \n",
    "df_result = pd.DataFrame(evaluate_rows, columns=['Algorithm','Accuracy','Precision','Recall','f1'])\n",
    "df_result"
   ]
  },
  {
   "cell_type": "code",
   "execution_count": null,
   "id": "1bc70a06-e860-4608-806e-f6cc07845a85",
   "metadata": {},
   "outputs": [],
   "source": []
  },
  {
   "cell_type": "code",
   "execution_count": null,
   "id": "45d3f30b-ed6a-4f73-9db2-f8fc8c1f1701",
   "metadata": {},
   "outputs": [],
   "source": []
  }
 ],
 "metadata": {
  "kernelspec": {
   "display_name": "Python 3 (ipykernel)",
   "language": "python",
   "name": "python3"
  },
  "language_info": {
   "codemirror_mode": {
    "name": "ipython",
    "version": 3
   },
   "file_extension": ".py",
   "mimetype": "text/x-python",
   "name": "python",
   "nbconvert_exporter": "python",
   "pygments_lexer": "ipython3",
   "version": "3.10.12"
  }
 },
 "nbformat": 4,
 "nbformat_minor": 5
}
